ketuo_1/2018072400097_0137_46041.jpg 1 271.5 400.5 140.0 48.0 1
ketuo_1/2018072400080_0356_23298.jpg 1 300.0 315.0 93.0 53.0 1
ketuo_1/2018072400060_0355_03566.jpg 1 393.5 313.5 115.5 57.5 1
ketuo_1/2018072400069_0258_43187.jpg 1 192.0 625.0 174.0 82.0 1
ketuo_1/2018072400044_0155_57340.jpg 1 169.0 424.0 115.0 51.0 1
ketuo_1/2018072400184_0223_56094.jpg 1 264.5 200.5 85.0 38.5 1
ketuo_1/2018072400038_0209_17312.jpg 1 237.0 305.5 161.5 78.5 1
ketuo_1/2018072400048_0130_49438.jpg 1 157.5 374.0 116.0 50.0 1
ketuo_1/2018072400075_0317_37491.jpg 1 445.0 491.0 106.0 54.0 1
ketuo_1/2018072400089_0137_02782.jpg 1 173.0 296.5 122.5 45.0 1
ketuo_1/2018072400117_0155_31412.jpg 1 294.5 344.0 146.5 50.5 1
ketuo_1/2018072400104_0156_06310.jpg 1 297.0 249.5 124.0 45.0 1
ketuo_1/2018072400041_0111_23283.jpg 1 152.5 348.5 119.5 69.0 1
ketuo_1/2018072400044_0243_04988.jpg 1 216.0 613.0 161.0 61.0 1
ketuo_1/2018072400086_0230_33682.jpg 1 245.0 278.5 81.0 45.0 1
ketuo_1/2018072400039_0236_39304.jpg 1 130.0 423.0 169.0 71.0 1
ketuo_1/2018072400069_0316_19066.jpg 1 340.0 343.0 117.0 56.0 1
ketuo_1/2018072400076_0113_26025.jpg 1 136.0 491.0 134.0 65.0 1
ketuo_1/2018072400189_0112_54420.jpg 1 172.5 215.5 99.0 38.5 1
ketuo_1/2018072400045_0250_21236.jpg 1 275.0 495.0 150.0 60.0 1
ketuo_1/2018072400055_0346_41474.jpg 1 446.0 257.0 136.0 55.0 1
ketuo_1/2018072400049_0147_14031.jpg 1 280.0 434.0 132.0 57.0 1
ketuo_1/2018072400170_0358_01268.jpg 1 408.0 379.5 123.5 46.0 1
ketuo_1/2018072400065_0242_32774.jpg 1 262.0 498.0 159.0 83.0 1
ketuo_1/2018072400192_0158_29927.jpg 1 292.0 286.0 105.0 44.5 1
ketuo_1/2018072400077_0259_21438.jpg 1 247.0 305.0 148.5 69.5 1
ketuo_1/2018072400031_0304_45181.jpg 1 292.0 307.0 121.5 51.0 1
ketuo_1/2018072400193_0245_04286.jpg 1 242.5 249.5 83.0 38.0 1
ketuo_1/2018072400078_0243_24456.jpg 1 226.0 579.0 143.0 66.0 1
ketuo_1/2018072400061_0146_10711.jpg 1 183.0 413.5 116.0 52.0 1
ketuo_1/2018072400103_0120_46409.jpg 1 158.5 264.0 92.0 47.5 1
ketuo_1/2018072400049_0337_57023.jpg 1 401.0 433.0 115.0 58.0 1
ketuo_1/2018072400073_0313_58443.jpg 1 363.0 354.0 113.0 52.0 1
ketuo_1/2018072400043_0343_11805.jpg 1 500.0 368.0 131.0 47.0 1
ketuo_1/2018072400188_0227_18039.jpg 1 179.5 269.0 89.0 41.0 1
ketuo_1/2018072400059_0247_41706.jpg 1 270.0 355.5 141.5 56.5 1
ketuo_1/2018072400073_0133_29161.jpg 1 171.5 425.5 113.5 51.0 1
ketuo_1/2018072400045_0250_52420.jpg 1 278.0 495.0 148.0 62.0 1
ketuo_1/2018072400031_0224_54392.jpg 1 224.0 389.0 143.0 75.0 1
ketuo_1/2018072400187_0225_55325.jpg 1 206.0 208.5 87.5 38.5 1
ketuo_1/2018072400170_0142_06486.jpg 1 252.5 265.0 106.0 61.0 1
ketuo_1/2018072400086_0130_36974.jpg 1 205.0 210.5 90.0 45.5 1
ketuo_1/2018072400173_0338_34260.jpg 1 368.5 319.0 107.0 58.0 1
ketuo_1/2018072400040_0347_22315.jpg 1 420.5 379.0 114.5 41.0 1
ketuo_1/2018072400137_0233_53263.jpg 1 235.0 219.0 94.5 42.0 1
ketuo_1/2018072400068_0348_56915.jpg 1 373.5 291.0 123.0 54.5 1
ketuo_1/2018072400084_0125_55949.jpg 1 120.0 290.5 81.5 51.5 1
ketuo_1/2018072400069_0115_38319.jpg 1 54.0 427.0 137.0 53.0 1
ketuo_1/2018072400101_0123_57732.jpg 1 279.0 498.0 151.0 51.0 1
ketuo_1/2018072400053_0239_12761.jpg 1 280.0 425.0 150.0 64.0 1
ketuo_1/2018072400047_0224_21022.jpg 1 251.0 364.0 133.0 69.0 1
ketuo_1/2018072400037_0241_47344.jpg 1 253.0 97.5 92.5 46.5 1
ketuo_1/2018072400090_0130_56365.jpg 1 313.5 268.5 120.0 42.0 1
ketuo_1/2018072400063_0240_02042.jpg 1 248.0 443.0 144.5 54.0 1
ketuo_1/2018072400185_0235_46264.jpg 1 188.0 361.5 89.0 42.0 1
ketuo_1/2018072400075_0204_46259.jpg 1 262.0 498.0 162.0 82.0 1
ketuo_1/2018072400048_0237_17196.jpg 1 326.0 452.0 160.0 72.0 1
ketuo_1/2018072400173_0253_26938.jpg 1 163.0 457.0 163.0 74.0 1
ketuo_1/2018072400133_0241_54505.jpg 1 268.0 90.0 94.0 56.0 1
ketuo_1/2018072400134_0256_15764.jpg 1 199.5 295.5 93.5 38.5 1
ketuo_1/2018072400169_0245_58433.jpg 1 230.5 274.5 159.5 85.0 1
ketuo_1/2018072400037_0223_50992.jpg 1 168.0 576.0 185.0 84.0 1
ketuo_1/2018072400193_0227_38398.jpg 1 139.5 263.5 92.5 44.5 1
ketuo_1/2018072400110_0156_34686.jpg 1 363.0 375.5 117.0 43.0 1
ketuo_1/2018072400070_0124_54173.jpg 1 151.0 319.5 130.0 60.0 1
ketuo_1/2018072400139_0248_02627.jpg 1 394.0 108.0 85.0 61.0 1
ketuo_1/2018072400047_0305_44805.jpg 1 301.0 388.5 119.5 59.5 1
ketuo_1/2018072400174_0251_41295.jpg 1 232.5 403.5 138.5 60.0 1
ketuo_1/2018072400041_0317_55166.jpg 1 354.5 131.0 142.5 68.0 1
ketuo_1/2018072400168_0347_23344.jpg 1 341.5 440.0 112.5 54.0 1
ketuo_1/2018072400069_0341_53460.jpg 1 318.0 348.0 124.5 57.5 1
ketuo_1/2018072400085_0134_03512.jpg 1 120.0 266.0 94.0 50.0 1
ketuo_1/2018072400050_0348_34623.jpg 1 373.5 409.0 104.0 59.5 1
ketuo_1/2018072400192_0244_14209.jpg 1 364.5 222.0 85.0 43.5 1
ketuo_1/2018072400168_0132_58460.jpg 1 128.0 532.0 118.0 66.0 1
ketuo_1/2018072400056_0253_28639.jpg 1 303.0 393.0 130.0 67.0 1
ketuo_1/2018072400102_0114_05604.jpg 1 206.0 382.5 122.0 36.5 1
ketuo_1/2018072400032_0100_21757.jpg 1 94.0 388.5 106.0 57.0 1
ketuo_1/2018072400171_0333_48318.jpg 1 431.0 474.0 123.0 52.0 1
ketuo_1/2018072400076_0255_42659.jpg 1 269.0 505.0 163.0 63.0 1
ketuo_1/2018072400070_0211_05233.jpg 1 259.0 427.0 147.0 74.0 1
ketuo_1/2018072400055_0125_53079.jpg 1 207.0 417.0 119.0 50.0 1
ketuo_1/2018072400172_0138_50796.jpg 1 54.0 636.0 146.0 64.0 1
ketuo_1/2018072400038_0353_34380.jpg 1 238.5 307.5 108.0 52.5 1
ketuo_1/2018072400058_0156_37370.jpg 1 162.0 441.0 111.0 61.0 1
ketuo_1/2018072400032_0235_39197.jpg 1 175.0 413.0 151.0 79.0 1
ketuo_1/2018072400060_0143_30244.jpg 1 164.0 313.0 115.0 53.0 1
ketuo_1/2018072400052_0333_08631.jpg 1 347.0 357.5 110.5 52.5 1
ketuo_1/2018072400089_0108_24426.jpg 1 182.0 356.0 115.0 51.0 1
ketuo_1/2018072400071_0120_25022.jpg 1 190.0 473.0 136.0 60.0 1
ketuo_1/2018072400033_0302_57525.jpg 1 426.0 331.0 125.0 49.0 1
ketuo_1/2018072400059_0339_53447.jpg 1 321.0 338.0 109.5 51.5 1
ketuo_1/2018072400072_0158_21253.jpg 1 100.0 533.0 133.0 60.0 1
ketuo_1/2018072400052_0231_11434.jpg 1 264.5 420.5 142.0 60.0 1
ketuo_1/2018072400128_0146_51458.jpg 1 99.0 314.5 124.0 44.0 1
ketuo_1/2018072400063_0154_44518.jpg 1 104.5 201.0 118.5 66.0 1
ketuo_1/2018072400134_0147_35981.jpg 1 203.5 247.5 94.5 36.5 1
ketuo_1/2018072400052_0227_10691.jpg 1 254.5 342.5 137.5 65.0 1
ketuo_1/2018072400095_0148_24779.jpg 1 299.0 333.5 133.5 50.5 1
ketuo_1/2018072400127_0133_17913.jpg 1 215.0 309.5 119.0 41.5 1
ketuo_1/2018072400082_0128_12499.jpg 1 110.5 67.0 75.5 62.5 1
ketuo_1/2018072400077_0142_22367.jpg 1 119.0 394.5 123.0 57.5 1
ketuo_1/2018072400085_0110_09806.jpg 1 254.5 150.0 125.0 54.5 1
ketuo_1/2018072400173_0136_15342.jpg 1 106.0 267.5 124.0 55.0 1
ketuo_1/2018072400068_0242_20901.jpg 1 246.5 406.5 143.5 68.5 1
ketuo_1/2018072400055_0219_14008.jpg 1 244.0 362.5 140.5 55.0 1
ketuo_1/2018072400099_0258_17556.jpg 1 191.5 302.0 81.0 51.5 1
ketuo_1/2018072400096_0235_58978.jpg 1 253.0 249.5 78.5 36.0 1
ketuo_1/2018072400032_0351_33370.jpg 1 344.0 333.5 126.5 59.0 1
ketuo_1/2018072400139_0135_21444.jpg 1 279.0 143.5 92.5 44.5 1
ketuo_1/2018072400036_0228_20814.jpg 1 369.0 467.0 141.0 59.0 1
ketuo_1/2018072400167_0347_06106.jpg 1 343.0 355.5 98.0 49.0 1
ketuo_1/2018072400095_0123_58356.jpg 1 109.0 279.5 84.5 52.0 1
ketuo_1/2018072400088_0118_12232.jpg 1 127.0 274.0 98.5 65.0 1
ketuo_1/2018072400050_0135_31428.jpg 1 220.0 473.0 133.0 54.0 1
ketuo_1/2018072400065_0143_52149.jpg 1 197.5 423.0 119.0 57.5 1
ketuo_1/2018072400064_0239_37237.jpg 1 175.0 591.0 155.0 77.0 1
ketuo_1/2018072400126_0154_42755.jpg 1 315.0 287.5 123.0 46.5 1
ketuo_1/2018072400039_0357_23267.jpg 1 333.5 308.0 106.5 54.5 1
ketuo_1/2018072400060_0239_21201.jpg 1 280.0 348.0 137.0 57.0 1
ketuo_1/2018072400096_0137_22500.jpg 1 226.5 250.5 82.0 35.5 1
ketuo_1/2018072400175_0336_42377.jpg 1 384.5 387.5 130.0 51.0 1
ketuo_1/2018072400166_0351_13808.jpg 1 339.0 378.0 105.0 52.0 1
ketuo_1/2018072400083_0152_45442.jpg 1 68.5 232.0 69.0 63.5 1
ketuo_1/2018072400083_0243_25923.jpg 1 146.0 168.0 72.5 52.5 1
ketuo_1/2018072400048_0341_41026.jpg 1 469.0 476.0 110.0 59.0 1
ketuo_1/2018072400077_0348_58444.jpg 1 386.5 315.0 122.0 55.0 1
ketuo_1/2018072400098_0135_46701.jpg 1 339.5 257.0 128.5 44.0 1
ketuo_1/2018072400042_0236_53001.jpg 1 303.0 206.5 114.5 50.5 1
ketuo_1/2018072400070_0307_07128.jpg 1 334.0 505.0 112.0 67.0 1
ketuo_1/2018072400045_0228_57866.jpg 1 281.0 502.0 161.0 63.0 1
ketuo_1/2018072400080_0231_22495.jpg 1 306.0 423.0 136.0 61.0 1
ketuo_1/2018072400174_0337_03733.jpg 1 375.0 384.0 110.0 58.0 1
ketuo_1/2018072400186_0257_56994.jpg 1 252.0 197.0 82.0 42.0 1
ketuo_1/2018072400166_0251_26210.jpg 1 192.0 478.0 153.0 74.0 1
ketuo_1/2018072400105_0159_58379.jpg 1 287.0 514.0 169.0 48.0 1
ketuo_1/2018072400045_0130_12435.jpg 1 200.5 328.5 122.0 54.5 1
ketuo_1/2018072400042_0124_43580.jpg 1 196.5 358.0 117.5 47.5 1
ketuo_1/2018072400088_0118_42481.jpg 1 127.0 275.5 100.0 63.5 1
ketuo_1/2018072400074_0303_23015.jpg 1 369.0 283.0 120.0 55.5 1
ketuo_1/2018072400063_0222_26783.jpg 1 280.0 320.0 143.0 89.5 1
ketuo_1/2018072400076_0338_10860.jpg 1 399.0 408.5 125.0 63.0 1
ketuo_1/2018072400053_0154_15627.jpg 1 302.5 405.5 128.0 63.0 1
ketuo_1/2018072400187_0138_35290.jpg 1 244.0 185.0 97.5 43.5 1
ketuo_1/2018072400094_0101_03487.jpg 1 181.5 77.0 56.5 54.0 1
ketuo_1/2018072400104_0239_22917.jpg 1 160.0 58.5 66.5 37.5 1
ketuo_1/2018072400068_0135_41069.jpg 1 119.0 288.0 134.5 58.0 1
ketuo_1/2018072400162_0152_16504.jpg 1 386.5 35.5 104.5 38.5 1
ketuo_1/2018072400057_0357_16886.jpg 1 397.0 393.0 122.5 56.5 1
ketuo_1/2018072400062_0319_25974.jpg 1 421.5 326.5 150.0 56.5 1
ketuo_1/2018072400187_0244_07469.jpg 1 268.0 253.5 92.5 47.0 1
ketuo_1/2018072400094_0235_02693.jpg 1 106.0 175.5 82.0 89.0 1
ketuo_1/2018072400099_0119_49780.jpg 1 267.0 572.0 158.0 49.0 1
ketuo_1/2018072400046_0120_44366.jpg 1 85.0 539.0 118.0 63.0 1
ketuo_1/2018072400055_0146_21521.jpg 1 233.0 462.0 117.0 65.0 1
ketuo_1/2018072400140_0256_35108.jpg 1 207.5 245.5 86.5 46.5 1
ketuo_1/2018072400051_0239_54274.jpg 1 321.0 484.0 149.0 68.0 1
ketuo_1/2018072400070_0223_22241.jpg 1 216.0 328.0 130.0 73.0 1
ketuo_1/2018072400075_0110_50070.jpg 1 105.0 359.0 119.0 59.0 1
ketuo_1/2018072400066_0149_14748.jpg 1 244.0 439.0 111.0 69.0 1
ketuo_1/2018072400046_0127_25573.jpg 1 260.0 264.0 139.0 58.0 1
ketuo_1/2018072400043_0236_02784.jpg 1 232.0 387.0 135.0 85.0 1
ketuo_1/2018072400079_0308_31274.jpg 1 389.0 581.0 98.0 65.0 1
ketuo_1/2018072400088_0118_35929.jpg 1 186.0 280.0 127.0 45.0 1
ketuo_1/2018072400070_0335_11663.jpg 1 420.5 310.0 145.5 63.5 1
ketuo_1/2018072400066_0305_11421.jpg 1 488.5 317.0 153.0 50.5 1
ketuo_1/2018072400093_0249_39146.jpg 1 292.5 220.0 96.0 44.0 1
ketuo_1/2018072400085_0253_15894.jpg 1 254.5 307.0 84.0 43.5 1
ketuo_1/2018072400039_0137_14326.jpg 1 5.5 315.0 134.0 55.0 1
ketuo_1/2018072400053_0354_05720.jpg 1 344.0 307.5 107.5 55.0 1
ketuo_1/2018072400087_0113_27679.jpg 1 309.5 323.5 136.5 48.0 1
ketuo_1/2018072400082_0257_48944.jpg 1 144.5 330.0 82.5 55.5 1
ketuo_1/2018072400072_0237_53560.jpg 1 293.0 480.0 160.0 80.0 1
ketuo_1/2018072400169_0156_21052.jpg 1 141.0 324.0 112.0 62.0 1
ketuo_1/2018072400046_0218_42060.jpg 1 153.0 377.0 139.0 80.0 1
ketuo_1/2018072400051_0128_41625.jpg 1 218.0 380.0 124.0 53.0 1
ketuo_1/2018072400055_0215_12329.jpg 1 317.0 439.0 161.0 67.0 1
ketuo_1/2018072400051_0148_40785.jpg 1 194.5 407.5 120.0 57.5 1
ketuo_1/2018072400170_0214_18224.jpg 1 319.0 509.0 159.0 86.0 1
ketuo_1/2018072400068_0320_12603.jpg 1 271.0 473.0 122.0 48.0 1
ketuo_1/2018072400103_0137_42905.jpg 1 209.5 299.0 110.0 40.5 1
ketuo_1/2018072400064_0352_23228.jpg 1 361.0 490.0 144.0 66.0 1
ketuo_1/2018072400048_0116_32154.jpg 1 213.0 343.0 117.0 54.0 1
ketuo_1/2018072400168_0238_44260.jpg 1 260.0 428.0 141.0 74.0 1
ketuo_1/2018072400044_0351_09128.jpg 1 310.0 345.0 158.0 54.0 1
ketuo_1/2018072400095_0231_27175.jpg 1 177.0 233.5 86.5 46.5 1
ketuo_1/2018072400049_0117_52030.jpg 1 271.0 362.0 114.0 48.5 1
ketuo_1/2018072400043_0106_43712.jpg 1 212.5 275.0 136.0 53.0 1
ketuo_1/2018072400049_0243_10120.jpg 1 304.0 457.0 143.0 62.0 1
ketuo_1/2018072400081_0154_08076.jpg 1 227.5 364.5 129.5 40.5 1
ketuo_1/2018072400078_0325_12145.jpg 1 354.0 494.0 134.0 61.0 1
ketuo_1/2018072400074_0103_54184.jpg 1 328.0 293.0 116.0 63.0 1
ketuo_1/2018072400036_0120_58595.jpg 1 159.0 434.0 125.0 77.0 1
ketuo_1/2018072400140_0153_50448.jpg 1 183.5 263.5 93.5 35.0 1
ketuo_1/2018072400079_0215_19521.jpg 1 351.0 564.0 149.0 69.0 1
ketuo_1/2018072400089_0200_34393.jpg 1 338.0 378.0 101.0 44.5 1
ketuo_1/2018072400071_0239_43182.jpg 1 310.5 381.5 149.5 79.0 1
ketuo_1/2018072400069_0132_33694.jpg 1 170.0 449.0 114.0 60.0 1
ketuo_1/2018072400079_0154_38434.jpg 1 293.5 424.5 109.0 57.0 1
ketuo_1/2018072400093_0104_30829.jpg 1 152.5 239.0 94.5 44.5 1
ketuo_1/2018072400064_0133_43841.jpg 1 56.5 413.5 103.5 51.0 1
ketuo_1/2018072400050_0120_58610.jpg 1 138.5 358.5 113.0 54.0 1
ketuo_1/2018072400047_0123_25517.jpg 1 191.5 303.0 126.0 47.5 1
ketuo_1/2018072400042_0145_16329.jpg 1 293.0 293.0 127.0 50.5 1
ketuo_1/2018072400037_0312_25777.jpg 1 411.5 267.5 153.0 58.0 1
ketuo_1/2018072400172_0254_06796.jpg 1 260.0 635.0 138.0 78.0 1
ketuo_1/2018072400062_0125_19664.jpg 1 231.0 371.0 123.0 65.0 1
ketuo_1/2018072400188_0241_29217.jpg 1 330.0 230.5 90.5 56.5 1
ketuo_1/2018072400174_0159_34511.jpg 1 158.0 406.5 116.5 54.5 1
ketuo_1/2018072400049_0217_46290.jpg 1 331.0 461.0 157.0 60.0 1
ketuo_1/2018072400068_0113_10020.jpg 1 195.0 369.0 111.5 49.5 1
ketuo_1/2018072400031_0137_39785.jpg 1 189.0 261.5 102.5 50.5 1
ketuo_1/2018072400189_0252_25880.jpg 1 173.0 243.5 88.5 40.5 1
ketuo_1/2018072400082_0155_03800.jpg 1 211.5 335.5 122.0 46.0 1
ketuo_1/2018072400137_0135_51193.jpg 1 247.0 176.5 105.5 45.0 1
ketuo_1/2018072400038_0327_47399.jpg 1 375.0 383.0 141.0 50.0 1
ketuo_1/2018072400102_0234_01874.jpg 1 241.5 313.5 100.0 52.5 1
ketuo_1/2018072400068_0229_41999.jpg 1 176.0 335.0 133.5 63.0 1
ketuo_1/2018072400063_0331_06130.jpg 1 372.0 313.0 111.5 59.0 1
ketuo_1/2018072400041_0217_20890.jpg 1 182.5 362.0 169.5 106.5 1
ketuo_1/2018072400084_0144_34754.jpg 1 300.5 287.0 123.0 46.5 1
ketuo_1/2018072400118_0141_11433.jpg 1 64.5 330.0 128.5 42.5 1
ketuo_1/2018072400074_0243_25502.jpg 1 276.5 325.0 148.0 58.0 1
ketuo_1/2018072400091_0144_10729.jpg 1 264.0 349.5 122.5 42.0 1
ketuo_1/2018072400044_0216_25212.jpg 1 266.0 458.0 149.0 75.0 1
ketuo_1/2018072400050_0219_15334.jpg 1 266.0 437.0 133.0 67.0 1
ketuo_1/2018072400189_0141_04304.jpg 1 304.5 44.5 84.5 34.5 1
ketuo_1/2018072400062_0345_28762.jpg 1 422.0 538.0 107.0 47.0 1
ketuo_1/2018072400073_0244_51243.jpg 1 293.0 527.0 153.0 64.0 1
ketuo_1/2018072400045_0315_56633.jpg 1 280.0 369.5 124.0 50.0 1
ketuo_1/2018072400063_0314_10767.jpg 1 386.0 446.0 113.0 50.0 1
ketuo_1/2018072400070_0139_51341.jpg 1 80.0 380.0 106.0 77.0 1
ketuo_1/2018072400111_0138_16180.jpg 1 322.0 273.5 121.5 47.5 1
ketuo_1/2018072400166_0159_21875.jpg 1 182.0 419.0 119.0 56.0 1
ketuo_1/2018072400103_0201_10444.jpg 1 291.5 225.5 79.0 45.5 1
ketuo_1/2018072400078_0147_53439.jpg 1 165.0 548.0 123.0 61.0 1
ketuo_1/2018072400171_0136_29585.jpg 1 179.5 361.5 111.0 62.5 1
ketuo_1/2018072400186_0152_56815.jpg 1 243.5 183.5 101.5 43.5 1
ketuo_1/2018072400050_0239_11123.jpg 1 192.0 530.0 157.0 78.0 1
ketuo_1/2018072400040_0250_34699.jpg 1 258.0 474.0 149.0 77.0 1
ketuo_1/2018072400048_0209_56764.jpg 1 249.0 405.5 139.0 61.0 1
ketuo_1/2018072400100_0156_53313.jpg 1 232.5 258.5 112.5 39.0 1
ketuo_1/2018072400071_0146_41895.jpg 1 282.0 348.5 109.5 61.5 1
ketuo_1/2018072400104_0129_22780.jpg 1 212.0 221.0 81.5 45.5 1
ketuo_1/2018072400108_0136_49943.jpg 1 50.0 283.0 108.5 48.0 1
ketuo_1/2018072400058_0331_30841.jpg 1 287.5 357.0 112.0 51.5 1
ketuo_1/2018072400040_0135_45593.jpg 1 191.0 511.0 121.0 56.0 1
ketuo_1/2018072400062_0146_40070.jpg 1 106.0 462.0 117.0 67.0 1
ketuo_1/2018072400099_0141_16378.jpg 1 142.0 279.5 88.0 51.5 1
ketuo_1/2018072400171_0236_30833.jpg 1 230.5 329.0 134.0 75.5 1
ketuo_1/2018072400044_0325_36169.jpg 1 361.0 414.5 109.5 56.5 1
ketuo_1/2018072400093_0131_43540.jpg 1 365.5 378.5 126.5 52.5 1
ketuo_1/2018072400182_0155_13659.jpg 1 138.0 288.0 102.0 44.5 1
ketuo_1/2018072400123_0139_36395.jpg 1 264.0 319.5 123.5 46.5 1
ketuo_1/2018072400059_0219_09703.jpg 1 255.0 464.0 145.0 70.0 1
ketuo_1/2018072400066_0254_56468.jpg 1 208.0 347.0 144.0 86.0 1
ketuo_1/2018072400080_0134_29668.jpg 1 232.5 329.0 108.5 58.0 1
ketuo_1/2018072400187_0122_32617.jpg 1 182.5 200.5 100.0 43.0 1
ketuo_1/2018072400193_0135_33285.jpg 1 121.5 268.5 87.5 43.5 1
ketuo_1/2018072400165_0114_59085.jpg 1 221.5 60.5 133.0 45.0 1
ketuo_1/2018072400172_0353_42523.jpg 1 446.0 397.0 120.0 45.5 1
ketuo_1/2018072400188_0139_55506.jpg 1 308.5 122.5 89.0 42.5 1
ketuo_1/2018072400102_0135_40024.jpg 1 141.5 273.0 98.5 55.5 1