failed_1/9016164_黄_粤Z406F港.png 1 647.0 104.0 92.5 15.0 1
failed_1/9563242_黄_粤Z9473港.png 1 852.5 93.5 81.0 12.5 1
failed_1/2216166_黄_粤Z7507澳.png 1 666.5 152.5 131.5 23.5 1
failed_1/9245036_蓝_粤ZK033港.png 1 949.5 44.0 79.0 15.0 1
failed_1/9461558_黄_冀D8517Z.png 1 724.5 285.5 31.5 21.0 1
failed_1/4522642_黄_粤ZC659澳.png 1 911.5 184.5 91.5 24.0 1
failed_1/8932358_黄_粤Z685H港.png 1 532.5 38.0 81.5 19.5 1
failed_1/3081323_蓝_粤ZS063澳.png 1 1106.5 158.0 80.0 13.5 1
failed_1/8595754_绿_冀D220DE.png 2 616.0 212.0 35.0 22.0 1 913.5 235.0 54.0 29.5 1
failed_1/7855144_绿_粤Z5395澳.png 1 771.0 590.0 170.0 69.0 1
failed_1/7472128_黄_粤B4180警.png 1 942.0 88.0 96.5 21.5 1
failed_1/3297314_蓝_粤ZQ301澳.png 1 628.5 26.0 113.0 19.5 1
failed_1/7569348_蓝_青NTRANC.png 1 1236.5 346.5 43.0 70.0 1
failed_1/557831_蓝_粤YXU501.jpg 3 13.0 17.0 231.0 110.0 1 1072.0 592.0 239.0 112.0 1 1461.0 276.0 94.0 36.0 1
failed_1/6722102_黄_宁BM8586.png 1 812.5 97.5 84.0 14.5 1
failed_1/9498333_蓝_鲁AV3D26.png 1 416.5 177.5 144.0 31.5 1
failed_1/7254977_黄_宁B7XY09.png 1 961.5 84.5 170.5 31.5 1
failed_1/8927863_黄_粤ZY650港.png 1 889.5 155.5 78.5 14.5 1
failed_1/9072365_黄_粤ZE997港.png 1 834.5 67.5 76.5 10.5 1
failed_1/4831603_蓝_粤ZQ301澳.png 1 584.0 48.0 132.0 19.0 1
failed_1/8884310_黄_粤Z881D港.png 1 705.0 103.0 86.0 14.0 1
failed_1/9164973_蓝_川O9534L.png 1 960.5 214.0 100.5 62.0 1
failed_1/9545587_蓝_粤Z977A港.png 1 871.5 87.0 77.5 13.0 1
failed_1/7699752_绿_贵DVN891.png 1 987.0 13.0 133.0 25.0 1
failed_1/9377449_黄_粤ZQ143港.png 1 768.5 89.5 82.0 13.5 1
failed_1/8927239_绿_粤ZV008港.png 1 1053.5 159.5 81.5 17.5 1
failed_1/8331030_绿_粤L9627警.png 1 751.5 1.0 174.5 68.5 1
failed_1/8929497_黄_粤Z685H港.png 1 759.5 93.5 84.5 12.5 1
failed_1/8801002_蓝_粤Z0072港.png 1 518.0 148.0 84.5 19.5 1
failed_1/9503665_蓝_川NPARK3.png 1 326.0 322.5 183.0 56.5 1
failed_1/9156874_黄_粤ZC272港.png 1 560.5 40.0 89.0 12.5 1
failed_1/8386888_蓝_吉A4UC88.png 1 429.5 13.5 129.5 23.5 1
failed_1/9379157_绿_粤H8401警.png 2 1.0 9.0 144.0 46.0 1 556.0 468.0 168.0 52.0 1
failed_1/9199258_黄_粤Z881D港.png 1 831.0 88.0 74.5 14.5 1
failed_1/8968433_蓝_渝B9P7R7.png 1 632.5 106.0 114.0 21.5 1
failed_1/9203587_黄_粤Z712A港.png 1 616.0 29.5 84.0 12.0 1
failed_1/8560976_蓝_粤Z5395澳.png 2 5.0 10.0 216.0 60.0 1 611.0 592.0 215.0 57.0 1
failed_1/9515916_黄_皖A6A358.png 1 911.0 90.5 82.0 17.0 1
failed_1/7040384_黄_粤B3312警.png 1 541.5 24.0 83.5 16.5 1
failed_1/5436826_蓝_粤Z5228澳.png 2 0.0 7.0 127.0 36.0 1 576.0 487.0 143.0 46.0 1
failed_1/9324856_黄_粤ZY650港.png 1 352.0 97.0 93.5 16.5 1
failed_1/7277698_蓝_蒙BR85Z5.png 1 613.0 105.5 100.5 27.0 1
failed_1/1770952048.jpg 1 542.5 52.5 66.5 12.0 1
failed_1/6341999_黄_粤ZG212澳.png 1 830.5 113.5 136.5 43.5 1
failed_1/7807379_蓝_闽DR7572.jpg 1 605.0 628.0 227.0 78.0 1
failed_1/7616706_蓝_黑11111警.png 1 667.0 120.0 65.5 21.0 1
failed_1/9298228_绿_川ANPARK.png 1 462.0 309.0 178.0 54.0 1
failed_1/685474_蓝_粤YLM029.jpg 2 1.0 8.0 186.0 69.0 1 1126.0 529.0 183.0 70.0 1
failed_1/8041354_黄_青DFQ955.png 1 355.0 109.0 59.5 66.5 1
failed_1/7542825_绿_粤B3391警.png 1 675.0 124.0 107.0 17.0 1
failed_1/4993639_蓝_宁C90000.png 1 715.0 21.5 129.0 44.0 1
failed_1/9345873_黄_鄂FD21392.png 1 502.0 30.5 119.5 24.5 1
failed_1/8141866_蓝_粤B3386警.png 1 781.5 109.5 87.5 16.0 1
failed_1/7297625_黄_粤B2605警.png 1 483.0 155.5 141.5 27.5 1
failed_1/8238332_绿_云SAT267.png 1 646.0 17.5 164.0 24.5 1
failed_1/4206158_黄_粤Z509C澳.png 1 647.0 94.0 113.0 20.0 1
failed_1/4023104_蓝_宁FFB1488.png 1 481.5 11.5 87.5 23.5 1
failed_1/8555412_绿_贵BH7262.png 1 785.0 581.0 183.0 84.0 1
failed_1/8448776_绿_粤B4530P.png 1 572.0 11.0 159.0 54.0 1
failed_1/7323340_绿_云NTRAN0.png 1 671.0 463.0 201.0 71.0 1
failed_1/5925028_绿_蒙A617N3.png 2 5.0 20.0 203.0 84.0 1 860.0 540.0 199.0 85.0 1
failed_1/8822777_蓝_粤ZF277港.png 1 247.0 87.5 88.0 15.5 1
failed_1/6635565_蓝_粤ZS063澳.png 1 1141.5 164.0 70.5 13.5 1
failed_1/7359713_蓝_粤B2605警.png 1 519.0 151.0 134.0 25.5 1
failed_1/9420476_黄_赣F97V96.png 1 423.0 17.0 115.0 24.0 1
failed_1/8716622_黄_粤ZP900澳.png 1 551.5 55.5 107.0 14.5 1
failed_1/8960679_黄_粤ZY650港.png 1 745.0 103.5 89.5 17.0 1
failed_1/9046733_黄_粤ZE262港.png 1 712.5 109.0 91.5 17.0 1
failed_1/7891228_绿_粤ZJ509澳.png 1 511.0 192.0 132.5 21.0 1
failed_1/9205474_黄_粤ZT476港.png 1 883.5 200.5 119.5 19.5 1
failed_1/7710026_蓝_粤A1657警.png 1 524.0 165.0 240.0 33.0 1
failed_1/9307992_黄_粤ZK718港.png 1 786.5 90.0 82.5 12.0 1
failed_1/9186574_黄_粤ZF277港.png 1 618.5 96.5 102.0 15.5 1
failed_1/8928711_蓝_粤ZK589港.png 1 734.5 100.5 95.5 14.0 1
failed_1/7985803_蓝_闽DL7J67.png 1 595.0 627.0 219.0 82.0 1
failed_1/4739539_黄_粤Z6489澳.png 1 673.0 189.0 132.0 22.0 1
failed_1/7438528_黄_粤B2500警.png 1 809.0 33.0 126.0 22.0 1
failed_1/6585189_蓝_宁AB423Q.png 1 617.0 97.0 86.0 19.0 1
failed_1/673205_蓝_闽FE771B.png 2 25.0 0.0 73.0 80.0 1 908.0 488.0 77.0 91.0 1
failed_1/3025504_蓝_宁CF5M10.png 1 673.0 104.0 127.0 19.0 1
failed_1/9489578_黄_鲁AV3D26.png 1 666.0 115.0 125.0 35.0 1
failed_1/9295091_蓝_渝T270QM.png 1 885.0 179.0 114.0 24.0 1
failed_1/9323097_黄_粤ZC272港.png 1 829.0 93.5 86.0 12.0 1
failed_1/9498472_黄_琼B0102H.png 1 362.0 404.0 169.0 95.0 1
failed_1/3852622_绿_宁W5760E.png 1 767.0 150.0 122.0 34.0 1
failed_1/9088941_黄_粤ZS558港.png 1 763.5 105.0 94.0 16.0 1
failed_1/4125672_黄_宁JDL3609.png 1 707.0 48.5 152.0 23.5 1
failed_1/9048081_黄_粤ZA120港.png 1 771.0 40.5 88.0 9.5 1
failed_1/3617350_黄_粤ZF527澳.png 1 766.0 108.0 132.0 27.5 1
failed_1/9479346_黄_粤ZW166港.png 1 789.5 91.0 83.5 11.0 1
failed_1/9563134_蓝_粤S2119警.png 1 434.5 249.5 183.0 63.5 1
failed_1/8945399_黄_粤ZC272港.png 1 785.5 99.0 86.5 11.0 1
failed_1/9152614_绿_豫L00F95.png 1 967.0 12.0 81.0 19.0 1
failed_1/8379506_绿_粤B7V3R8.png 1 306.0 3.0 177.0 64.0 1
failed_1/9402148_黄_粤Z206C港.png 1 514.0 35.0 86.0 16.0 1
failed_1/9262666_黄_闽A5230警.png 1 634.0 232.0 190.0 80.0 1
failed_1/1478782_蓝_粤Z6113澳.png 1 605.0 491.0 148.0 36.0 1
failed_1/9427559_黄_粤Z206C港.png 1 873.5 88.0 79.5 13.0 1
failed_1/5194457_蓝_粤ZE407澳.png 1 707.0 601.0 175.0 76.0 1
failed_1/9508118_蓝_皖EHH036.png 1 699.0 102.0 97.5 21.0 1
failed_1/9572546_黄_粤Z110A港.png 1 803.0 95.5 91.0 15.0 1
failed_1/8978453_蓝_贵BH7262.png 1 877.0 603.0 180.0 89.0 1
failed_1/6977239_蓝_粤A0427警.png 1 485.0 96.0 177.0 28.0 1
failed_1/9402045_蓝_川ANPARK.png 1 315.5 274.0 184.0 59.0 1
failed_1/8321398_蓝_粤ZD322澳.png 1 898.0 214.0 110.0 37.0 1
failed_1/8972712_黄_粤ZC272港.png 1 816.0 99.0 87.0 12.0 1
failed_1/7141044_黄_粤ZC351澳.png 1 765.0 59.0 115.0 18.0 1
failed_1/9013120_黄_粤Z680F港.png 1 618.0 206.0 133.0 23.0 1
failed_1/8359126_绿_粤S68S61.png 1 482.0 11.0 157.0 58.0 1
failed_1/8781990_黄_粤Z6291港.png 1 781.5 37.5 83.5 13.5 1
failed_1/9055466_蓝_渝BF51791.png 1 1071.0 128.0 141.0 26.0 1
failed_1/7567106_绿_粤B3391警.png 1 753.0 104.0 90.0 14.0 1
failed_1/9506941_蓝_皖AH6W37.png 1 867.0 93.0 84.0 14.0 1
failed_1/592509_蓝_粤H38P76.png 1 760.0 496.0 97.0 89.0 1
failed_1/9187310_黄_粤ZE677港.png 1 555.0 164.0 108.0 17.0 1
failed_1/9365711_蓝_粤Z0072港.png 1 814.0 83.0 78.0 13.0 1
failed_1/1815437_黄_新DF7960.png 1 510.0 113.0 149.5 26.0 1
failed_1/9035082_黄_粤ZF277港.png 1 746.5 101.0 96.0 16.0 1
failed_1/8434851_绿_粤BM7B00.png 1 969.0 11.0 89.0 30.0 1
failed_1/9490591_蓝_桂C02651.png 1 1120.0 36.0 150.0 38.0 1
failed_1/8776396_蓝_粤B2500警.png 1 800.0 162.0 133.0 21.0 1
failed_1/9421058_黄_粤ZR282港.png 1 598.0 138.0 136.0 23.0 1
failed_1/8143078_蓝_粤V3319学.png 1 758.0 150.0 138.0 20.0 1
failed_1/8335400_绿_吉YN0J31.png 1 710.0 9.0 243.0 54.0 1
failed_1/8884026_黄_冀AA7920.png 1 590.0 100.0 128.0 30.0 1
failed_1/7984950_绿_粤B2657警.png 1 767.0 100.0 86.0 16.0 1
failed_1/4729768_蓝_粤Z6489澳.png 1 430.0 108.0 127.0 28.0 1
failed_1/8517148_蓝_粤A2198警.jpg 2 993.0 285.0 146.0 68.0 1 272.0 190.0 54.0 28.0 1
failed_1/9341223_绿_鄂CR0572.png 1 641.0 34.0 110.0 22.0 1
failed_1/8796414_黄_粤ZY665港.png 1 757.0 70.0 82.0 19.0 1
failed_1/8998783_黄_粤Z206C港.png 1 819.0 88.0 86.0 17.0 1
failed_1/711477_蓝_浙E42783.png 1 882.0 511.0 75.0 94.0 1
failed_1/9317954_蓝_赣G660D3.png 1 592.0 19.0 106.0 25.0 1
failed_1/5920322_黄_粤ZD299澳.png 1 995.0 70.0 132.0 25.0 1
failed_1/8153736_绿_蒙BF06698.jpg 1 389.0 42.0 139.0 21.0 1
failed_1/9043423_黄_粤ZY263港.png 1 635.0 119.0 131.0 20.0 1
failed_1/9093329_蓝_粤ZG185港.png 1 757.0 64.0 108.0 21.0 1
failed_1/7286456_蓝_粤B3391警.png 1 769.0 104.0 104.0 17.0 1
failed_1/5258355_黄_粤ZE407澳.png 1 672.0 602.0 178.0 85.0 1
failed_1/9457004_黄_渝L8Z386F.jpg 1 478.0 73.0 106.0 22.0 1
failed_1/7010715_绿_川L2349警.png 1 776.0 3.0 250.0 72.0 1
failed_1/4680474_蓝_粤Z5635澳.png 1 618.0 108.0 96.0 13.5 1
failed_1/702801_蓝_粤E660G6.png 2 0.5 11.0 98.5 39.5 1 441.0 371.5 95.0 40.0 1
failed_1/9496548_蓝_鲁AQQ103.png 1 561.0 44.0 166.0 30.0 1
failed_1/8481348_绿_贵BH7262.png 1 825.0 685.0 199.0 106.0 1
failed_1/8404954_绿_粤BT301Q.png 1 882.0 3.0 102.0 34.0 1
failed_1/9049987_黄_粤Z995H港.png 1 812.5 38.5 93.0 17.0 1
failed_1/9290459_蓝_粤Z0072港.png 1 1037.0 45.5 81.0 16.5 1
failed_1/9042336_绿_新E0558B.png 1 603.0 505.0 169.0 60.0 1
failed_1/8885843_黄_冀B5S8S6.png 1 839.0 84.5 81.0 13.0 1
failed_1/8398186_蓝_闽D3201学.png 1 505.5 112.0 151.5 23.5 1
failed_1/9527520_蓝_云EGX240.png 1 352.0 367.0 79.0 96.0 1
failed_1/8772261_绿_粤ZQ143港.png 1 741.0 92.0 81.0 13.5 1
failed_1/8924941_黄_粤ZV130港.png 1 791.5 96.0 83.5 16.5 1
failed_1/9533322_黄_粤Z206C港.png 1 857.5 90.0 78.5 14.0 1
failed_1/9222040_黄_粤A1665警.png 1 506.0 163.0 218.0 44.0 1
failed_1/1402999_黄_新D5538B.png 1 731.0 83.0 127.0 23.0 1
failed_1/8952356_黄_粤B2500警.png 1 770.0 31.0 139.0 25.0 1
failed_1/9502953_蓝_渝MG0002.png 1 639.0 128.0 143.0 31.0 1
failed_1/9492539_黄_皖AS5C21.png 1 904.5 90.5 80.0 16.5 1
failed_1/9314661_蓝_粤ZC768港.png 1 878.0 146.5 81.0 14.5 1
failed_1/8801784_蓝_粤Z3794港.png 1 793.0 37.0 103.0 16.0 1
failed_1/9297055_蓝_粤ZY962港.png 1 521.0 90.0 169.0 52.0 1
failed_1/8592814_黄_粤56HAA警.png 1 895.0 232.0 73.0 107.0 1
failed_1/7500304_蓝_粤ZS063澳.png 1 1127.0 169.5 85.0 16.5 1
failed_1/9256318_黄_粤ZB903港.png 1 816.0 86.0 79.5 13.0 1
failed_1/9506813_黄_渝D508Z2.png 1 871.5 58.0 165.5 14.5 1
failed_1/7721869_绿_贵BH7262.png 1 876.0 603.0 192.0 92.0 1
failed_1/8883238_绿_冀DTG327.png 1 793.0 104.0 48.0 15.0 1
failed_1/7752980_黄_闽DP0F99.png 1 543.5 197.0 108.5 84.0 1
failed_1/9423618_绿_渝BDD5539.jpg 1 569.0 42.0 132.0 22.0 1
failed_1/8793962_绿_京FHB160.png 1 498.0 612.0 142.0 73.0 1
failed_1/9428668_黄_浙JJ12S8.png 1 905.0 173.0 115.0 24.0 1
failed_1/9436421_黄_粤ZL592港.png 1 734.0 158.0 138.0 23.0 1
failed_1/8401480_绿_粤B35Y53.png 1 897.0 5.0 96.0 31.0 1
failed_1/3776443_黄_粤ZS063澳.png 1 1133.0 168.0 82.0 17.0 1
failed_1/6572061_蓝_晋A9J505.png 1 505.0 25.0 79.0 14.0 1
failed_1/8998107_黄_粤ZC272港.png 1 763.0 104.0 94.0 15.0 1
failed_1/8735382_绿_宁A7A09M.jpg 1 24.5 25.0 163.0 33.5 1
failed_1/8793602_蓝_粤B7B40B.jpg 1 390.0 63.5 164.0 31.5 1
failed_1/9506349_蓝_皖AT8K60.png 1 905.5 88.5 88.0 15.5 1
failed_1/7363988_绿_云D9T225.png 1 657.0 35.0 170.0 29.0 1
failed_1/7436656_黄_粤B3391警.png 1 823.0 71.0 107.0 20.0 1
failed_1/9412298_绿_闽A5233警.png 1 564.0 389.0 118.0 106.0 1
failed_1/4056975_黄_宁AS0085.png 1 26.0 54.5 351.0 77.0 1
failed_1/7592743_绿_宁B833RP.jpg 1 7.0 41.5 211.0 83.0 1
failed_1/8753898_绿_冀AJ331Z.png 1 1514.0 239.0 84.0 62.0 1
failed_1/604073_绿_粤E2818警.png 2 1127.0 554.0 179.0 71.0 1 2.0 2.0 175.0 68.0 1
failed_1/9484363_蓝_粤ZZ617港.png 1 847.0 95.0 77.5 13.0 1
failed_1/7156737_蓝_粤Z5098澳.png 1 502.5 94.0 102.5 18.5 1
failed_1/8044356_蓝_粤B5770学.png 1 429.0 23.0 83.5 12.0 1
failed_1/9097823_蓝_粤SJ833学.jpg 1 561.0 274.0 170.0 58.0 1
failed_1/5838199_黄_粤ZA357澳.png 1 688.0 83.0 91.0 16.0 1
failed_1/4108936_蓝_粤ZT205澳.png 1 1143.0 185.0 76.0 22.0 1
failed_1/9134313_绿_川A1336K.png 1 699.0 167.0 83.0 63.0 1
failed_1/7839437_绿_贵AE3221.png 2 744.0 626.0 110.0 56.0 1 1.0 1.0 108.0 50.0 1
failed_1/7321917_蓝_宁TBKG82.png 1 597.0 122.0 170.0 37.0 1
failed_1/8931940_黄_粤S2056警.png 1 500.0 383.0 144.0 41.0 1
failed_1/7863600_蓝_粤B4180警.png 1 644.0 135.0 117.0 22.0 1
failed_1/8799677_蓝_粤BB1U21.png 1 25.0 172.0 360.0 62.0 1
failed_1/7885041_黄_蒙2860R警.png 1 870.5 214.5 59.0 90.0 1
failed_1/8838275_黄_浙C3877警.png 1 233.0 240.0 297.0 92.0 1
failed_1/9267612_黄_粤ZA436港.png 1 847.0 156.0 90.5 20.5 1
failed_1/6908686_蓝_粤ZS490澳.png 1 983.0 46.0 83.0 20.0 1
failed_1/7933504_黄_粤AE177学.png 1 697.5 12.0 105.0 18.5 1
failed_1/9206389_黄_粤ZHC07港.png 1 734.5 70.0 88.0 17.5 1
failed_1/8792118_黄_粤E2976警.png 1 222.5 138.5 79.0 16.5 1
failed_1/9123401_绿_川A0Y29V.jpg 1 540.0 30.0 137.0 29.0 1
failed_1/8289126_绿_贵JRM132.jpg 1 530.0 32.0 200.0 40.0 1
failed_1/8847497_黄_粤ZF846港.png 1 825.0 93.0 83.0 18.0 1
failed_1/6182897_绿_粤Z5566澳.png 1 735.0 118.0 103.0 20.0 1
failed_1/8812295_黄_粤Z5683港.png 1 786.0 91.5 84.0 14.0 1
failed_1/9545312_蓝_粤ZE997港.png 1 762.5 77.0 90.5 16.0 1
failed_1/9504061_蓝_粤A1657警.png 1 551.0 133.0 199.5 27.5 1
failed_1/9042813_黄_粤ZA120港.png 1 651.0 109.5 86.0 15.5 1
failed_1/4876298_蓝_粤ZK086澳.png 1 399.5 62.0 120.5 26.0 1
failed_1/8246781_绿_粤Z3B75澳.jpg 1 802.0 200.0 110.0 38.0 1
failed_1/8358736_绿_粤B4E460.jpg 1 912.0 5.0 111.0 38.0 1
failed_1/7030281_绿_闽D3773学.png 1 791.0 100.0 140.0 29.0 1
failed_1/9217146_蓝_粤A1665警.png 1 587.0 104.0 167.0 32.0 1
failed_1/8004340_蓝_闽D3773学.png 1 553.0 120.0 181.0 30.0 1
failed_1/9501868_蓝_鲁A5859E.png 1 558.0 126.0 132.0 27.0 1
failed_1/8949756_蓝_粤Z0072港.png 1 596.0 122.0 86.0 15.0 1
failed_1/9327131_蓝_鄂C8W236.jpg 1 1023.0 27.0 131.0 32.0 1
failed_1/9176019_黄_粤ZK529港.png 1 695.5 108.5 88.0 21.5 1
failed_1/7224094_绿_粤ZW166澳.png 1 768.5 113.5 81.0 13.0 1
failed_1/8975936_蓝_粤ZC272港.png 1 569.0 37.0 86.0 14.0 1
failed_1/6868380_蓝_粤ZS063澳.png 1 1126.0 165.0 88.0 16.0 1
failed_1/9291248_黄_川TDL32B.png 1 621.0 120.0 184.0 41.0 1
failed_1/567476_绿_粤EML939.png 2 631.0 532.0 98.0 114.0 1 10.0 0.0 104.0 74.0 1
failed_1/1482306712.jpg 1 609.0 371.0 125.0 37.0 1
failed_1/614181_黄_浙CP2091.png 2 809.0 463.0 132.0 96.0 1 1.0 6.0 116.0 75.0 1
failed_1/8859984_蓝_冀GP6869.jpg 1 642.0 616.0 221.0 73.0 1
failed_1/8400848_绿_粤B0J28W.png 1 889.0 0.0 102.0 29.0 1
failed_1/8366423_绿_粤ST748G.png 1 940.0 3.0 99.0 36.0 1
failed_1/603389_绿_粤E2178警.png 2 1143.0 515.0 178.0 71.0 1 0.0 3.0 172.0 71.0 1
failed_1/2115381318.jpg 1 685.0 794.0 101.0 84.0 1
failed_1/591763_绿_粤AS8N37.png 2 13.0 6.0 223.0 106.0 1 1240.0 637.0 229.0 103.0 1
failed_1/609949_绿_粤EUN563.png 2 800.0 498.0 68.0 100.0 1 7.0 3.0 73.0 77.0 1
failed_1/625743_绿_豫ECM788.png 2 783.0 531.0 89.0 107.0 1 9.0 1.0 88.0 69.0 1
failed_1/638817_蓝_粤Y4X403.png 2 764.0 704.0 128.0 82.0 1 0.0 6.0 101.0 77.0 1
failed_1/552250_绿_粤Y1641G.png 2 767.0 502.0 83.0 93.0 1 1.0 0.0 84.0 71.0 1
failed_1/624074_蓝_粤YK9863.png 2 680.0 492.0 74.0 102.0 1 3.0 1.0 69.0 68.0 1
failed_1/702269_蓝_粤WW3587.jpg 2 70.0 34.0 172.0 80.0 1 1718.0 664.0 200.0 82.0 1
